20
0 3 12 2
0 6 25 2
0 7 7 2
0 16 16 0
0 18 26 2
1 8 30 2
1 13 3 1
1 14 10 0
1 19 4 1
2 3 10 0
2 6 9 1
2 11 24 1
2 15 5 1
3 0 12 2
3 2 10 0
3 4 15 0
3 11 13 1
3 15 5 0
4 3 15 0
4 6 16 1
4 10 16 2
4 16 13 2
4 19 19 2
5 12 3 1
5 15 10 2
6 0 25 2
6 2 9 1
6 4 16 1
6 9 30 0
6 12 23 0
6 18 27 1
7 0 7 2
7 9 3 0
7 11 25 2
8 1 30 2
8 12 8 2
8 14 29 1
8 16 29 1
8 17 9 0
9 6 30 0
9 7 3 0
9 11 11 0
9 14 15 1
10 4 16 2
11 2 24 1
11 3 13 1
11 7 25 2
11 9 11 0
11 17 21 1
12 5 3 1
12 6 23 0
12 8 8 2
12 19 30 2
13 1 3 1
14 1 10 0
14 8 29 1
14 9 15 1
14 15 25 1
15 2 5 1
15 3 5 0
15 5 10 2
15 14 25 1
16 0 16 0
16 4 13 2
16 8 29 1
17 8 9 0
17 11 21 1
18 0 26 2
18 6 27 1
19 1 4 1
19 4 19 2
19 12 30 2
